num_contractors: 16
num_executors: 48
num_cpus: 12
affinity_mode: 1
policy: blocking
exec_deadline:
  secs: 30
  nanos: 0
job_deadline:
  secs: 30
  nanos: 0
cpu_usage_freq:
  secs: 5
  nanos: 0
---
elapsed: 968838
num_jobs: 949
finished: 949
cancelled: 0
runtime:

  test5_1-1_o:
    num: 158
    elapsed_avr: 12009.715189873417
    consumed_avr: 0.0189873417721519
  test6_0-0_o:
    num: 159
    elapsed_avr: 71780.22012578616
    consumed_avr: 19463.98742138365
  test2_1-0:
    num: 158
    elapsed_avr: 60509.29113924051
    consumed_avr: 16410.898734177215
  test4_1-0_o:
    num: 157
    elapsed_avr: 11010.216560509554
    consumed_avr: 0.044585987261146494
  test1_0-0:
    num: 159
    elapsed_avr: 59188.553459119496
    consumed_avr: 16287.459119496856
  test3_1-1:
    num: 158
    elapsed_avr: 61584.79113924051
    consumed_avr: 16446.46835443038