num_contractors: 16
num_executors: 48
num_cpus: 12
affinity_mode: 1
policy: blocking
exec_deadline:
  secs: 30
  nanos: 0
job_deadline:
  secs: 30
  nanos: 0
cpu_usage_freq:
  secs: 5
  nanos: 0
---
elapsed: 968767
num_jobs: 948
finished: 948
cancelled: 0
runtime:

  test2_1-0:
    num: 158
    elapsed_avr: 60275.67721518988
    consumed_avr: 16337.594936708861
  test3_1-1:
    num: 158
    elapsed_avr: 61848.27848101266
    consumed_avr: 16459.518987341773
  test6_0-0_o:
    num: 159
    elapsed_avr: 71326.45283018867
    consumed_avr: 19360.232704402515
  test4_1-0_o:
    num: 158
    elapsed_avr: 11010.354430379746
    consumed_avr: 0.012658227848101266
  test5_1-1_o:
    num: 157
    elapsed_avr: 12009.458598726114
    consumed_avr: 0.044585987261146494
  test1_0-0:
    num: 158
    elapsed_avr: 59221.196202531646
    consumed_avr: 16354.54430379747