num_contractors: 16
num_executors: 20
num_cpus: 20
affinity_mode: 1
policy: blocking
exec_deadline:
  secs: 30
  nanos: 0
job_deadline:
  secs: 30
  nanos: 0
cpu_usage_freq:
  secs: 5
  nanos: 0
---
elapsed: 919140
num_jobs: 1016
finished: 1016
cancelled: 0
runtime:

  test6_0-0_o:
    num: 169
    elapsed_avr: 24390.331360946744
    consumed_avr: 23370.112426035503
  test2_1-0:
    num: 170
    elapsed_avr: 20060.40588235294
    consumed_avr: 19041.988235294117
  test5_1-1_o:
    num: 170
    elapsed_avr: 12006.229411764705
    consumed_avr: 0.052941176470588235
  test3_1-1:
    num: 169
    elapsed_avr: 20943.686390532544
    consumed_avr: 18923.414201183434
  test1_0-0:
    num: 169
    elapsed_avr: 19118.455621301775
    consumed_avr: 19097.674556213016
  test4_1-0_o:
    num: 169
    elapsed_avr: 11006.479289940828
    consumed_avr: 0.01775147928994083