num_contractors: 16
num_executors: 12
num_cpus: 12
affinity_mode: 2
policy: cooperative
exec_deadline:
  secs: 240
  nanos: 0
job_deadline:
  secs: 30
  nanos: 0
cpu_usage_freq:
  secs: 5
  nanos: 0
---
elapsed: 1048161
num_jobs: 953
finished: 953
cancelled: 0
runtime:

  test3_1-1:
    num: 159
    elapsed_avr: 67670.17610062893
    consumed_avr: 16210.761006289309
  test2_1-0:
    num: 158
    elapsed_avr: 65303.54430379747
    consumed_avr: 16283.272151898735
  test6_0-0:
    num: 161
    elapsed_avr: 115606.62732919255
    consumed_avr: 19398.534161490683
  test4_1-0:
    num: 158
    elapsed_avr: 121313.12658227848
    consumed_avr: 0.012658227848101266
  test1_0-0:
    num: 158
    elapsed_avr: 65335.215189873416
    consumed_avr: 16179.56329113924
  test5_1-1:
    num: 159
    elapsed_avr: 126309.5534591195
    consumed_avr: 0