num_contractors: 16
num_executors: 80
num_cpus: 24
affinity_mode: 0
policy: blocking
exec_deadline:
  secs: 30
  nanos: 0
job_deadline:
  secs: 30
  nanos: 0
cpu_usage_freq:
  secs: 5
  nanos: 0
---
elapsed: 986425
num_jobs: 1244
finished: 1244
cancelled: 0
runtime:

  test3_1-1:
    num: 206
    elapsed_avr: 79505.93689320388
    consumed_avr: 25129.936893203885
  test1_0-0:
    num: 206
    elapsed_avr: 76924.68446601942
    consumed_avr: 24947.776699029127
  test2_1-0:
    num: 206
    elapsed_avr: 77892.48058252427
    consumed_avr: 24924.626213592233
  test5_1-1_o:
    num: 209
    elapsed_avr: 12013.066985645934
    consumed_avr: 0.023923444976076555
  test4_1-0_o:
    num: 210
    elapsed_avr: 11012.780952380952
    consumed_avr: 0.01904761904761905
  test6_0-0_o:
    num: 207
    elapsed_avr: 90207.7922705314
    consumed_avr: 28815.739130434784