num_contractors: 16
num_executors: 110
num_cpus: 22
enable_affinity: true
policy: blocking
exec_deadline:
  secs: 30
  nanos: 0
job_deadline:
  secs: 30
  nanos: 0
cpu_usage_freq:
  secs: 5
  nanos: 0
---
elapsed: 296971
num_jobs: 314
finished: 314
cancelled: 0
runtime_avr:
  test4_1-0_o: 47308.683333333334
  test2_1-0: 92651.38
  test1_0-0: 93785.6530612245
  test3_1-1: 96050.32653061225
  test5_1-1_o: 50408.75862068965
  test6_0-0_o: 107985.25
