num_contractors: 16
num_executors: 22
num_cpus: 22
enable_affinity: true
policy: cooperative
exec_deadline:
  secs: 300
  nanos: 0
job_deadline:
  secs: 30
  nanos: 0
cpu_usage_freq:
  secs: 5
  nanos: 0
---
elapsed: 295770
num_jobs: 140
finished: 140
cancelled: 0
runtime_avr:
  test4_1-0: 221411.44444444444
  test6_0-0: 196064.58333333334
  test5_1-1: 183956
  test1_0-0: 116730.34285714285
  test2_1-0: 111071.4857142857
  test3_1-1: 116044.64864864865
