num_contractors: 16
num_executors: 20
num_cpus: 20
affinity_mode: 2
policy: cooperative
exec_deadline:
  secs: 180
  nanos: 0
job_deadline:
  secs: 30
  nanos: 0
cpu_usage_freq:
  secs: 5
  nanos: 0
---
elapsed: 1057289
num_jobs: 1154
finished: 1154
cancelled: 0
runtime:

  test5_1-1:
    num: 190
    elapsed_avr: 125805.81052631579
    consumed_avr: 0.010526315789473684
  test4_1-0:
    num: 191
    elapsed_avr: 129127.7329842932
    consumed_avr: 0.005235602094240838
  test6_0-0:
    num: 193
    elapsed_avr: 120867.01554404145
    consumed_avr: 26572.63212435233
  test2_1-0:
    num: 194
    elapsed_avr: 67967.36597938144
    consumed_avr: 22251.974226804123
  test3_1-1:
    num: 195
    elapsed_avr: 72022.26666666666
    consumed_avr: 22182.676923076924
  test1_0-0:
    num: 191
    elapsed_avr: 70654.30366492146
    consumed_avr: 22403.115183246075