num_contractors: 16
num_executors: 20
num_cpus: 20
affinity_mode: 1
policy: cooperative
exec_deadline:
  secs: 180
  nanos: 0
job_deadline:
  secs: 30
  nanos: 0
cpu_usage_freq:
  secs: 5
  nanos: 0
---
elapsed: 1055163
num_jobs: 1154
finished: 1154
cancelled: 0
runtime:

  test3_1-1:
    num: 191
    elapsed_avr: 72960.7329842932
    consumed_avr: 22754.69109947644
  test2_1-0:
    num: 194
    elapsed_avr: 68361.706185567
    consumed_avr: 22225.072164948455
  test4_1-0:
    num: 194
    elapsed_avr: 127677.9587628866
    consumed_avr: 0.030927835051546393
  test1_0-0:
    num: 191
    elapsed_avr: 69566.89528795812
    consumed_avr: 22215.020942408377
  test5_1-1:
    num: 191
    elapsed_avr: 128727.277486911
    consumed_avr: 0.020942408376963352
  test6_0-0:
    num: 193
    elapsed_avr: 117672.16580310882
    consumed_avr: 26318.689119170984