num_contractors: 16
num_executors: 20
num_cpus: 20
affinity_mode: 1
policy: cooperative
exec_deadline:
  secs: 240
  nanos: 0
job_deadline:
  secs: 30
  nanos: 0
cpu_usage_freq:
  secs: 5
  nanos: 0
---
elapsed: 1070043
num_jobs: 1146
finished: 1146
cancelled: 0
runtime:

  test2_1-0:
    num: 189
    elapsed_avr: 90261.86243386244
    consumed_avr: 22526.79365079365
  test1_0-0:
    num: 191
    elapsed_avr: 95046.78534031413
    consumed_avr: 22970.424083769634
  test5_1-1:
    num: 188
    elapsed_avr: 177017.56914893616
    consumed_avr: 0.005319148936170213
  test6_0-0:
    num: 190
    elapsed_avr: 161061.02105263158
    consumed_avr: 25884.815789473683
  test3_1-1:
    num: 191
    elapsed_avr: 96064.67539267016
    consumed_avr: 23054.350785340313
  test4_1-0:
    num: 197
    elapsed_avr: 168889.69035532995
    consumed_avr: 0.01015228426395939