num_contractors: 16
num_executors: 24
num_cpus: 24
affinity_mode: 0
policy: blocking
exec_deadline:
  secs: 30
  nanos: 0
job_deadline:
  secs: 30
  nanos: 0
cpu_usage_freq:
  secs: 5
  nanos: 0
---
elapsed: 922561
num_jobs: 1111
finished: 1111
cancelled: 0
runtime:

  test2_1-0:
    num: 185
    elapsed_avr: 22770.82162162162
    consumed_avr: 21764.1027027027
  test1_0-0:
    num: 185
    elapsed_avr: 22029.37837837838
    consumed_avr: 22022.664864864866
  test4_1-0_o:
    num: 186
    elapsed_avr: 11005.790322580646
    consumed_avr: 0.021505376344086023
  test5_1-1_o:
    num: 185
    elapsed_avr: 12005.935135135134
    consumed_avr: 0.021621621621621623
  test6_0-0_o:
    num: 185
    elapsed_avr: 26568.82162162162
    consumed_avr: 25561.686486486487
  test3_1-1:
    num: 185
    elapsed_avr: 23823.78918918919
    consumed_avr: 21816.697297297298