num_contractors: 16
num_executors: 20
num_cpus: 20
affinity_mode: 1
policy: blocking
exec_deadline:
  secs: 30
  nanos: 0
job_deadline:
  secs: 30
  nanos: 0
cpu_usage_freq:
  secs: 5
  nanos: 0
---
elapsed: 925151
num_jobs: 1020
finished: 1020
cancelled: 0
runtime:

  test4_1-0_o:
    num: 170
    elapsed_avr: 11006.4
    consumed_avr: 0.01764705882352941
  test2_1-0:
    num: 170
    elapsed_avr: 20262.782352941176
    consumed_avr: 19239.852941176472
  test3_1-1:
    num: 171
    elapsed_avr: 21095.42105263158
    consumed_avr: 19074.543859649122
  test6_0-0_o:
    num: 170
    elapsed_avr: 24020.852941176472
    consumed_avr: 23001.40588235294
  test1_0-0:
    num: 169
    elapsed_avr: 18973.343195266272
    consumed_avr: 18953.041420118345
  test5_1-1_o:
    num: 170
    elapsed_avr: 12005.976470588235
    consumed_avr: 0.07058823529411765