num_contractors: 16
num_executors: 88
num_cpus: 22
enable_affinity: true
policy: blocking
exec_deadline:
  secs: 30
  nanos: 0
job_deadline:
  secs: 30
  nanos: 0
cpu_usage_freq:
  secs: 5
  nanos: 0
---
elapsed: 299270
num_jobs: 354
finished: 354
cancelled: 0
runtime_avr:
  test6_0-0_o: 84186.53703703704
  test2_1-0: 71326.41818181818
  test4_1-0_o: 37924.10294117647
  test3_1-1: 73881.14545454546
  test5_1-1_o: 40669.611940298506
  test1_0-0: 71813.05454545455
