num_contractors: 16
num_executors: 20
num_cpus: 20
affinity_mode: 2
policy: cooperative
exec_deadline:
  secs: 240
  nanos: 0
job_deadline:
  secs: 30
  nanos: 0
cpu_usage_freq:
  secs: 5
  nanos: 0
---
elapsed: 1070145
num_jobs: 1133
finished: 1133
cancelled: 0
runtime:

  test3_1-1:
    num: 191
    elapsed_avr: 95233.34554973822
    consumed_avr: 22411.261780104713
  test1_0-0:
    num: 187
    elapsed_avr: 93407.94117647059
    consumed_avr: 22875.57754010695
  test6_0-0:
    num: 185
    elapsed_avr: 164218.26486486488
    consumed_avr: 26700.27027027027
  test4_1-0:
    num: 195
    elapsed_avr: 172585.70256410257
    consumed_avr: 0.005128205128205128
  test5_1-1:
    num: 187
    elapsed_avr: 173911.64171122995
    consumed_avr: 0.0053475935828877
  test2_1-0:
    num: 188
    elapsed_avr: 94010.00531914894
    consumed_avr: 22772.893617021276