num_contractors: 16
num_executors: 100
num_cpus: 20
affinity_mode: 1
policy: blocking
exec_deadline:
  secs: 30
  nanos: 0
job_deadline:
  secs: 30
  nanos: 0
cpu_usage_freq:
  secs: 5
  nanos: 0
---
elapsed: 1022576
num_jobs: 1137
finished: 1137
cancelled: 0
runtime:

  test4_1-0_o:
    num: 188
    elapsed_avr: 11012.88829787234
    consumed_avr: 0
  test5_1-1_o:
    num: 187
    elapsed_avr: 12012.893048128342
    consumed_avr: 0
  test3_1-1:
    num: 190
    elapsed_avr: 109959.56842105264
    consumed_avr: 22640.3
  test6_0-0_o:
    num: 189
    elapsed_avr: 124787.62962962964
    consumed_avr: 26484
  test2_1-0:
    num: 190
    elapsed_avr: 108178.94210526315
    consumed_avr: 22777.984210526316
  test1_0-0:
    num: 193
    elapsed_avr: 107709.50777202072
    consumed_avr: 22747.36269430052