num_contractors: 16
num_executors: 24
num_cpus: 24
affinity_mode: 0
policy: cooperative
exec_deadline:
  secs: 180
  nanos: 0
job_deadline:
  secs: 30
  nanos: 0
cpu_usage_freq:
  secs: 5
  nanos: 0
---
elapsed: 1066925
num_jobs: 1236
finished: 1236
cancelled: 0
runtime:

  test6_0-0:
    num: 208
    elapsed_avr: 129017.04326923077
    consumed_avr: 29070.798076923078
  test2_1-0:
    num: 206
    elapsed_avr: 78820.09708737864
    consumed_avr: 25190.766990291264
  test3_1-1:
    num: 203
    elapsed_avr: 83941.49753694581
    consumed_avr: 25169.72906403941
  test5_1-1:
    num: 203
    elapsed_avr: 140975.95566502464
    consumed_avr: 0.009852216748768473
  test4_1-0:
    num: 206
    elapsed_avr: 145524.90291262136
    consumed_avr: 0.019417475728155338
  test1_0-0:
    num: 210
    elapsed_avr: 79238.32857142857
    consumed_avr: 25098.438095238096