num_contractors: 16
num_executors: 44
num_cpus: 22
enable_affinity: true
policy: blocking
exec_deadline:
  secs: 30
  nanos: 0
job_deadline:
  secs: 30
  nanos: 0
cpu_usage_freq:
  secs: 5
  nanos: 0
---
elapsed: 298312
num_jobs: 341
finished: 341
cancelled: 0
runtime_avr:
  test3_1-1: 34473.28571428572
  test5_1-1_o: 32499.593220338982
  test4_1-0_o: 30886.859649122805
  test6_0-0_o: 39228.41071428572
  test1_0-0: 32466.070175438595
  test2_1-0: 32916.75
