num_contractors: 16
num_executors: 60
num_cpus: 24
affinity_mode: 0
policy: blocking
exec_deadline:
  secs: 30
  nanos: 0
job_deadline:
  secs: 30
  nanos: 0
cpu_usage_freq:
  secs: 5
  nanos: 0
---
elapsed: 962797
num_jobs: 1252
finished: 1252
cancelled: 0
runtime:

  test6_0-0_o:
    num: 209
    elapsed_avr: 66081.45933014354
    consumed_avr: 28845.516746411482
  test5_1-1_o:
    num: 208
    elapsed_avr: 12010.985576923076
    consumed_avr: 0.028846153846153848
  test1_0-0:
    num: 208
    elapsed_avr: 56417.89903846154
    consumed_avr: 25093.485576923078
  test3_1-1:
    num: 210
    elapsed_avr: 58378.31428571429
    consumed_avr: 24958.542857142857
  test4_1-0_o:
    num: 208
    elapsed_avr: 11010.942307692309
    consumed_avr: 0.02403846153846154
  test2_1-0:
    num: 209
    elapsed_avr: 57212.72727272727
    consumed_avr: 24971.392344497606