num_contractors: 16
num_executors: 22
num_cpus: 22
enable_affinity: true
policy: blocking
exec_deadline:
  secs: 30
  nanos: 0
job_deadline:
  secs: 30
  nanos: 0
cpu_usage_freq:
  secs: 5
  nanos: 0
---
elapsed: 298573
num_jobs: 257
finished: 257
cancelled: 0
runtime_avr:
  test1_0-0: 19680.928571428572
  test4_1-0_o: 24759.295454545456
  test5_1-1_o: 26459.522727272728
  test3_1-1: 21479.833333333332
  test6_0-0_o: 24275.20930232558
  test2_1-0: 21838.261904761905
