num_contractors: 16
num_executors: 80
num_cpus: 20
affinity_mode: 1
policy: blocking
exec_deadline:
  secs: 30
  nanos: 0
job_deadline:
  secs: 30
  nanos: 0
cpu_usage_freq:
  secs: 5
  nanos: 0
---
elapsed: 1003333
num_jobs: 1139
finished: 1139
cancelled: 0
runtime:

  test1_0-0:
    num: 189
    elapsed_avr: 84195.80952380953
    consumed_avr: 23059.968253968254
  test5_1-1_o:
    num: 190
    elapsed_avr: 12011.78947368421
    consumed_avr: 0.031578947368421054
  test4_1-0_o:
    num: 191
    elapsed_avr: 11011.664921465968
    consumed_avr: 0.005235602094240838
  test2_1-0:
    num: 189
    elapsed_avr: 86802.97883597884
    consumed_avr: 22822.26455026455
  test6_0-0_o:
    num: 192
    elapsed_avr: 100954.828125
    consumed_avr: 26490.859375
  test3_1-1:
    num: 188
    elapsed_avr: 87649.64361702128
    consumed_avr: 22842.82978723404