num_contractors: 16
num_executors: 20
num_cpus: 20
affinity_mode: 2
policy: cooperative
exec_deadline:
  secs: 240
  nanos: 0
job_deadline:
  secs: 30
  nanos: 0
cpu_usage_freq:
  secs: 5
  nanos: 0
---
elapsed: 1070079
num_jobs: 1131
finished: 1131
cancelled: 0
runtime:

  test5_1-1:
    num: 183
    elapsed_avr: 171766.13661202186
    consumed_avr: 0
  test2_1-0:
    num: 191
    elapsed_avr: 95064.49738219896
    consumed_avr: 23093.28272251309
  test6_0-0:
    num: 182
    elapsed_avr: 163783.57692307694
    consumed_avr: 26352.302197802197
  test1_0-0:
    num: 192
    elapsed_avr: 93061.36458333333
    consumed_avr: 22726.661458333332
  test3_1-1:
    num: 189
    elapsed_avr: 94073.56613756614
    consumed_avr: 22691.550264550264
  test4_1-0:
    num: 194
    elapsed_avr: 176072.9175257732
    consumed_avr: 0