num_contractors: 16
num_executors: 80
num_cpus: 24
affinity_mode: 0
policy: blocking
exec_deadline:
  secs: 30
  nanos: 0
job_deadline:
  secs: 30
  nanos: 0
cpu_usage_freq:
  secs: 5
  nanos: 0
---
elapsed: 990157
num_jobs: 1246
finished: 1246
cancelled: 0
runtime:

  test5_1-1_o:
    num: 210
    elapsed_avr: 12012.557142857142
    consumed_avr: 0.014285714285714285
  test1_0-0:
    num: 207
    elapsed_avr: 76918.85507246378
    consumed_avr: 24938.91304347826
  test3_1-1:
    num: 207
    elapsed_avr: 79007.74396135265
    consumed_avr: 24984.917874396135
  test4_1-0_o:
    num: 209
    elapsed_avr: 11014.45933014354
    consumed_avr: 0.019138755980861243
  test6_0-0_o:
    num: 207
    elapsed_avr: 89820.00966183575
    consumed_avr: 28751.652173913044
  test2_1-0:
    num: 206
    elapsed_avr: 78120.5145631068
    consumed_avr: 24929.873786407767