num_contractors: 16
num_executors: 80
num_cpus: 20
affinity_mode: 1
policy: blocking
exec_deadline:
  secs: 30
  nanos: 0
job_deadline:
  secs: 30
  nanos: 0
cpu_usage_freq:
  secs: 5
  nanos: 0
---
elapsed: 1001107
num_jobs: 1138
finished: 1138
cancelled: 0
runtime:

  test4_1-0_o:
    num: 190
    elapsed_avr: 11011.952631578948
    consumed_avr: 0.005263157894736842
  test5_1-1_o:
    num: 190
    elapsed_avr: 12010.763157894737
    consumed_avr: 0.015789473684210527
  test2_1-0:
    num: 189
    elapsed_avr: 86369.95238095238
    consumed_avr: 22930.67195767196
  test3_1-1:
    num: 191
    elapsed_avr: 86960.59162303664
    consumed_avr: 22978.78010471204
  test6_0-0_o:
    num: 188
    elapsed_avr: 101010.16489361702
    consumed_avr: 26575.675531914894
  test1_0-0:
    num: 190
    elapsed_avr: 85890.4
    consumed_avr: 22845.694736842106