num_contractors: 16
num_executors: 66
num_cpus: 22
enable_affinity: true
policy: blocking
exec_deadline:
  secs: 30
  nanos: 0
job_deadline:
  secs: 30
  nanos: 0
cpu_usage_freq:
  secs: 5
  nanos: 0
---
elapsed: 298676
num_jobs: 337
finished: 337
cancelled: 0
runtime_avr:
  test1_0-0: 52696.642857142855
  test2_1-0: 54103.42857142857
  test3_1-1: 55664.10909090909
  test5_1-1_o: 38664.875
  test4_1-0_o: 36503.183333333334
  test6_0-0_o: 63661.81481481482
