num_contractors: 16
num_executors: 36
num_cpus: 12
affinity_mode: 1
policy: blocking
exec_deadline:
  secs: 30
  nanos: 0
job_deadline:
  secs: 30
  nanos: 0
cpu_usage_freq:
  secs: 5
  nanos: 0
---
elapsed: 945156
num_jobs: 944
finished: 944
cancelled: 0
runtime:

  test1_0-0:
    num: 158
    elapsed_avr: 43088.42405063291
    consumed_avr: 16421.069620253165
  test6_0-0_o:
    num: 158
    elapsed_avr: 52049.46835443038
    consumed_avr: 19319.006329113923
  test4_1-0_o:
    num: 157
    elapsed_avr: 11008.541401273886
    consumed_avr: 0.05732484076433121
  test3_1-1:
    num: 156
    elapsed_avr: 44911.25
    consumed_avr: 16267.134615384615
  test2_1-0:
    num: 157
    elapsed_avr: 44036.076433121016
    consumed_avr: 16471.84076433121
  test5_1-1_o:
    num: 158
    elapsed_avr: 12008.683544303798
    consumed_avr: 0.03164556962025317