num_contractors: 16
num_executors: 22
num_cpus: 22
enable_affinity: true
policy: blocking
exec_deadline:
  secs: 30
  nanos: 0
job_deadline:
  secs: 30
  nanos: 0
cpu_usage_freq:
  secs: 5
  nanos: 0
---
elapsed: 297684
num_jobs: 257
finished: 257
cancelled: 0
runtime_avr:
  test1_0-0: 19541.54761904762
  test2_1-0: 20630.372093023256
  test5_1-1_o: 26615.545454545456
  test6_0-0_o: 24317.64285714286
  test4_1-0_o: 25000.227272727272
  test3_1-1: 21898.14285714286
